5 1
168 94 89 36 40 66 3 66 57 25 
21 92 177 110 151 145 98 74 132 90 
6 38 17 79 116 138 175 15 31 9 
70 129 162 106 99 183 187 190 159 137 
61 144 35 149 142 95 18 144 197 89 
141 103 138 137 188 79 53 177 58 55 
175 64 137 158 139 133 10 182 134 163 
7 187 119 83 45 66 136 153 99 40 
120 129 121 180 72 135 105 5 163 41 
134 1 84 66 171 7 34 142 28 29 
68 20 76 105 176 187 74 116 122 124 
55 92 148 185 67 4 8 93 22 195 
3 72 133 148 141 84 17 69 63 182 
111 99 20 142 45 24 183 112 49 40 
116 144 98 189 12 100 10 8 171 178 